[{"id": 0, "img_name": "frame_0001", "width": 1066, "height": 1898, "position": [-2.566199729515909, 3.439674900286987, -1.1757894881892161], "rotation": [[0.7174565668942011, -0.6408217208635469, 0.27313658980420197], [0.6479909827172711, 0.7578524222752588, 0.07594334973273066], [-0.25566337425898894, 0.12250399226557847, 0.9589728937470042]], "fy": 1591.7989799517932, "fx": 1587.2438955183966}, {"id": 1, "img_name": "frame_0002", "width": 1066, "height": 1898, "position": [-2.448349730267494, 3.391753335960052, -1.2110298290983186], "rotation": [[0.7525710616786088, -0.6069685437291885, 0.25539378231899024], [0.6120887107486994, 0.7878039308940422, 0.06864675259537019], [-0.24286664509134762, 0.1046620914713782, 0.9643970340637255]], "fy": 1591.7989799517932, "fx": 1587.2438955183966}, {"id": 2, "img_name": "frame_0003", "width": 1070, "height": 1902, "position": [-2.1417151878090306, 3.5847596318885833, -1.1084906909220333], "rotation": [[0.7689538662884882, -0.5876034865539906, 0.2518572891730158], [0.5880277193810706, 0.8046700572077118, 0.0820335313931741], [-0.2508652083479952, 0.085019066231828, 0.9642812896751576]], "fy": 1585.1888631050672, "fx": 1583.7479161450633}, {"id": 3, "img_name": "frame_0004", "width": 1070, "height": 1902, "position": [-1.8341909082484344, 3.648280831000869, -1.3833212168002667], "rotation": [[0.7653768721610791, -0.5897166212652601, 0.25774512636402835], [0.5822148250012074, 0.8051160374709357, 0.11319922153403902], [-0.2742701972685632, 0.06342296753215496, 0.9595589539364835]], "fy": 1585.1888631050672, "fx": 1583.7479161450633}, {"id": 4, "img_name": "frame_0005", "width": 1070, "height": 1902, "position": [-1.5516410665389766, 3.625557256802341, -1.554561834897416], "rotation": [[0.8079045653711628, -0.5392228006951926, 0.23775824793866823], [0.5301005769332989, 0.8412146085721467, 0.10654276446476026], [-0.2574559993230225, 0.0399593985845941, 0.9654634404664639]], "fy": 1585.1888631050672, "fx": 1583.7479161450633}, {"id": 5, "img_name": "frame_0006", "width": 1070, "height": 1902, "position": [-1.2684991204803016, 3.57045950576438, -1.6021037877731055], "rotation": [[0.8542621463636169, -0.4751402328247224, 0.21089794793097194], [0.4690039867741153, 0.8794236871047505, 0.08154286571534858], [-0.2242129471734668, 0.02925299489547174, 0.9741010299806864]], "fy": 1585.1888631050672, "fx": 1583.7479161450633}, {"id": 6, "img_name": "frame_0007", "width": 1070, "height": 1902, "position": [-1.053243495304655, 3.573949559444136, -1.4663199631474133], "rotation": [[0.8910971117609942, -0.41235680656838525, 0.1894935394358811], [0.40756479435671755, 0.9108265060552159, 0.06546765818489614], [-0.1995917729070542, 0.018892854309794475, 0.9796969859317971]], "fy": 1585.1888631050672, "fx": 1583.7479161450633}, {"id": 7, "img_name": "frame_0008", "width": 1070, "height": 1902, "position": [-0.9572449054039682, 3.625564938085022, -1.3336539494811581], "rotation": [[0.9268477758980638, -0.3447324420040506, 0.1487035431411651], [0.34099821600256774, 0.9386937649442431, 0.050736893261887225], [-0.15707774188559817, 0.0036822662486405314, 0.9875793760095415]], "fy": 1585.1888631050672, "fx": 1583.7479161450633}, {"id": 8, "img_name": "frame_0009", "width": 1070, "height": 1902, "position": [-0.8667662885650098, 3.6345829324229264, -1.2431098862220797], "rotation": [[0.9509620215058284, -0.28255648993554355, 0.12582950229915615], [0.27881867299157065, 0.9592047818869349, 0.0467582505709698], [-0.13390810746466345, -0.009381705630804992, 0.990949343990241]], "fy": 1585.1888631050672, "fx": 1583.7479161450633}, {"id": 9, "img_name": "frame_0010", "width": 1070, "height": 1902, "position": [-0.7346244034334763, 3.6479008774081434, -1.18224285617881], "rotation": [[0.965221138394679, -0.23916368237405455, 0.10558829020948447], [0.23682487064983207, 0.9709451054948474, 0.034345054335232085], [-0.11073452324261955, -0.008144639272681728, 0.9938166481868513]], "fy": 1585.1888631050672, "fx": 1583.7479161450633}, {"id": 10, "img_name": "frame_0011", "width": 1070, "height": 1902, "position": [-0.6129554912340038, 3.684219225936559, -1.2204743961612048], "rotation": [[0.9690842194402927, -0.22202560511712358, 0.107612296249889], [0.2195388316579977, 0.9749907133846775, 0.03458048883227274], [-0.11259874344787382, -0.00988632823715183, 0.9935913563874976]], "fy": 1585.1888631050672, "fx": 1583.7479161450633}, {"id": 11, "img_name": "frame_0012", "width": 1070, "height": 1902, "position": [-0.5345048668643761, 3.8366886722221314, -1.279265934800347], "rotation": [[0.9734199681992178, -0.2055977423069999, 0.10091151504807551], [0.20385290500291206, 0.9786174464744894, 0.02742055027937379], [-0.10439137240647449, -0.00612060569015782, 0.9945174606577193]], "fy": 1585.1888631050672, "fx": 1583.7479161450633}, {"id": 12, "img_name": "frame_0013", "width": 1070, "height": 1902, "position": [-0.43961309964743234, 3.9875577466341894, -1.370454048133422], "rotation": [[0.9768507941879156, -0.18694534567595752, 0.10399020927248334], [0.1857836205894531, 0.9823697734145299, 0.020834457088173507], [-0.10605174310265854, -0.0010324783685594688, 0.9943600765182129]], "fy": 1585.1888631050672, "fx": 1583.7479161450633}, {"id": 13, "img_name": "frame_0014", "width": 1070, "height": 1902, "position": [-0.33808555992887035, 4.046771980880176, -1.4346144975084114], "rotation": [[0.9820764767829828, -0.16867833167964658, 0.08410359190483244], [0.168364530855564, 0.9856649615741011, 0.010861320127490286], [-0.08473003304206414, 0.003493414790307167, 0.9963978209298702]], "fy": 1585.1888631050672, "fx": 1583.7479161450633}, {"id": 14, "img_name": "frame_0015", "width": 1070, "height": 1902, "position": [-0.23343821462548364, 4.066385472403536, -1.4803881396862173], "rotation": [[0.9881657031595237, -0.14008222773181747, 0.06249410030503109], [0.14071491325961263, 0.9900330598507971, -0.005818383693729106], [-0.061056173197996506, 0.014543379117625708, 0.9980283732631338]], "fy": 1585.1888631050672, "fx": 1583.7479161450633}, {"id": 15, "img_name": "frame_0016", "width": 1070, "height": 1902, "position": [-0.0867875149874468, 4.119642998296658, -1.4273321864023518], "rotation": [[0.9907995062725531, -0.12086409391672293, 0.0608950668917795], [0.12082817573212236, 0.9926641865058292, 0.004285414561930876], [-0.06096630478643167, 0.0031118532114849597, 0.9981349738638947]], "fy": 1585.1888631050672, "fx": 1583.7479161450633}, {"id": 16, "img_name": "frame_0017", "width": 1070, "height": 1902, "position": [0.10521482246473111, 4.227613544884657, -1.415540805376775], "rotation": [[0.9926289856739223, -0.10927727354829275, 0.05240395295979257], [0.1087180897137871, 0.9939821179260799, 0.013413657673038369], [-0.053554400089493054, -0.007617527750925492, 0.9985358779242828]], "fy": 1585.1888631050672, "fx": 1583.7479161450633}, {"id": 17, "img_name": "frame_0018", "width": 1070, "height": 1902, "position": [0.25169122863538546, 4.294149515878904, -1.4216332933580067], "rotation": [[0.995452940496984, -0.08454090163138835, 0.04388939743559727], [0.08382670694681996, 0.9963201203757094, 0.017868993731704006], [-0.04523855057757551, -0.014108638697040606, 0.9988765788903834]], "fy": 1585.1888631050672, "fx": 1583.7479161450633}, {"id": 18, "img_name": "frame_0019", "width": 1070, "height": 1902, "position": [0.3798910388196971, 4.320281349205418, -1.4447416685993435], "rotation": [[0.9973065550026323, -0.0643355805521455, 0.03522170387417367], [0.06360002064341629, 0.9977412246364352, 0.021621425372617624], [-0.036533172910912154, -0.019323088159118044, 0.9991456077774932]], "fy": 1585.1888631050672, "fx": 1583.7479161450633}, {"id": 19, "img_name": "frame_0020", "width": 1070, "height": 1902, "position": [0.4540345200342322, 4.310265326794015, -1.487893551448649], "rotation": [[0.998990690404912, -0.03571426883441555, 0.02724135616925254], [0.03512458459996426, 0.9991445668937731, 0.021826543549875812], [-0.027997572055393185, -0.020847672490658654, 0.9993905695526276]], "fy": 1585.1888631050672, "fx": 1583.7479161450633}, {"id": 20, "img_name": "frame_0021", "width": 1070, "height": 1902, "position": [0.5487728220016111, 4.30826680441519, -1.4683679069449358], "rotation": [[0.999902132005619, -0.011646478918306221, 0.00775151207334189], [0.011467966458041075, 0.9996768050420293, 0.02268856994783602], [-0.008013248775307126, -0.022597455382543666, 0.9997125301076799]], "fy": 1585.1888631050672, "fx": 1583.7479161450633}, {"id": 21, "img_name": "frame_0022", "width": 1070, "height": 1902, "position": [0.6637366942987677, 4.320633709140649, -1.453965318127141], "rotation": [[0.9998473939863171, 0.01324159025821285, -0.011395131688757784], [-0.012984258244333368, 0.9996654893127132, 0.022367800853428776], [0.011687505149303256, -0.02221643005993066, 0.9996848665748509]], "fy": 1585.1888631050672, "fx": 1583.7479161450633}, {"id": 22, "img_name": "frame_0023", "width": 1070, "height": 1902, "position": [0.7653843554806731, 4.348749887095994, -1.428769638214023], "rotation": [[0.9987210692010807, 0.04049511336875672, -0.030271632382510783], [-0.0398369746132674, 0.9989631524104904, 0.022037140916130016], [0.03113264183316641, -0.020803026687168005, 0.9992987504711196]], "fy": 1585.1888631050672, "fx": 1583.7479161450633}, {"id": 23, "img_name": "frame_0024", "width": 1070, "height": 1902, "position": [0.8984385227485827, 4.321560217251648, -1.421790279207399], "rotation": [[0.9975666304989294, 0.05433656677868298, -0.043684725313522785], [-0.05346442528994438, 0.9983511862137988, 0.020891725967872216], [0.04474788199935468, -0.018505309946240698, 0.9988269022009595]], "fy": 1585.1888631050672, "fx": 1583.7479161450633}, {"id": 24, "img_name": "frame_0025", "width": 1070, "height": 1902, "position": [1.0173204514449479, 4.255165500165272, -1.4314849451926823], "rotation": [[0.99502105337964, 0.08043840220982565, -0.05884527832546888], [-0.07940212552059389, 0.9966470933127026, 0.019745223578188125], [0.06023624983416078, -0.014974472988092093, 0.9980718207447024]], "fy": 1585.1888631050672, "fx": 1583.7479161450633}, {"id": 25, "img_name": "frame_0026", "width": 1070, "height": 1902, "position": [1.1141013905245105, 4.1661109604719435, -1.5021064979157641], "rotation": [[0.9911998323818992, 0.1159046409559647, -0.06394533986901534], [-0.11519024434915145, 0.9932337794055456, 0.014760320272909069], [0.06522346121510077, -0.007264547655909207, 0.9978442395757353]], "fy": 1585.1888631050672, "fx": 1583.7479161450633}, {"id": 26, "img_name": "frame_0027", "width": 1070, "height": 1902, "position": [1.1967200040229742, 4.102705108072963, -1.551692997309935], "rotation": [[0.9848342387496619, 0.15770551658313692, -0.07232214201487772], [-0.15719279077015252, 0.9874854567878574, 0.012763195617408652], [0.07342988980153285, -0.0012011127020897412, 0.9972996583835833]], "fy": 1585.1888631050672, "fx": 1583.7479161450633}, {"id": 27, "img_name": "frame_0028", "width": 1070, "height": 1902, "position": [1.3394541349316997, 4.0229680100449015, -1.5158093446268859], "rotation": [[0.9760713911236827, 0.19727909497626137, -0.09146364368002173], [-0.1966502253321182, 0.9803443298281328, 0.015927455875185896], [0.09280801854746107, 0.0024400121262190717, 0.9956810322759583]], "fy": 1585.1888631050672, "fx": 1583.7479161450633}, {"id": 28, "img_name": "frame_0029", "width": 1070, "height": 1902, "position": [1.4924772541468412, 3.876627901441897, -1.3824295000038305], "rotation": [[0.9635733230354223, 0.24555615217019197, -0.10596521724529882], [-0.24502937040822073, 0.9693454496122894, 0.018166093506850625], [0.10717769717541427, 0.00846022737981765, 0.9942038854183065]], "fy": 1585.1888631050672, "fx": 1583.7479161450633}, {"id": 29, "img_name": "frame_0030", "width": 1070, "height": 1902, "position": [1.588665166418314, 3.721336115082133, -1.2641583027868077], "rotation": [[0.9480642054538051, 0.29239445671207437, -0.12521878461834784], [-0.28932478256595723, 0.9562893745880001, 0.042447641197754925], [0.13215684821607593, -0.004014191592660814, 0.9912206887144004]], "fy": 1585.1888631050672, "fx": 1583.7479161450633}, {"id": 30, "img_name": "frame_0031", "width": 1070, "height": 1902, "position": [1.7161628865355283, 3.528237073858474, -1.1527707080947431], "rotation": [[0.9405797585751661, 0.3099983600281449, -0.13860279412242385], [-0.3049940453712045, 0.9506745434742203, 0.0565379932274766], [0.14929283320638675, -0.010905465141074032, 0.9887328864679614]], "fy": 1585.1888631050672, "fx": 1583.7479161450633}, {"id": 31, "img_name": "frame_0032", "width": 1070, "height": 1902, "position": [1.7531750197729807, 3.3766098574569865, -1.1275261692236778], "rotation": [[0.9297005195862801, 0.3348619842910891, -0.153376645411339], [-0.32720752729054636, 0.9420932394608034, 0.07345449099038066], [0.16909221734133006, -0.01810468555053947, 0.9854339360889235]], "fy": 1585.1888631050672, "fx": 1583.7479161450633}, {"id": 32, "img_name": "frame_0033", "width": 1070, "height": 1902, "position": [1.7523533335854289, 3.3215947951625924, -1.024731500462294], "rotation": [[0.9138806696230786, 0.37390133613146, -0.15817683941836203], [-0.36205392876208065, 0.9268689095130276, 0.09915128464156829], [0.18368199246854758, -0.03334389625163819, 0.9824200273943647]], "fy": 1585.1888631050672, "fx": 1583.7479161450633}, {"id": 33, "img_name": "frame_0034", "width": 1070, "height": 1902, "position": [1.80271732256777, 3.2911691835679595, -0.8762576088730326], "rotation": [[0.900129856670143, 0.4066574849212589, -0.1561919687067938], [-0.3889997758748523, 0.9117353465672444, 0.13197663501249488], [0.196075025182461, -0.05803746873721004, 0.9788698773188776]], "fy": 1585.1888631050672, "fx": 1583.7479161450633}, {"id": 34, "img_name": "frame_0035", "width": 1070, "height": 1902, "position": [1.7996412505158175, 3.1668195358332594, -0.7558399431893006], "rotation": [[0.883823571479377, 0.4417480943458228, -0.1539951805715772], [-0.42035221435904213, 0.8943631927622153, 0.15303102729716625], [0.20532878605029645, -0.0705202139390565, 0.9761490608739535]], "fy": 1585.1888631050672, "fx": 1583.7479161450633}, {"id": 35, "img_name": "frame_0036", "width": 1070, "height": 1902, "position": [1.7886464381029072, 2.9251336985545815, -0.6868756020084449], "rotation": [[0.872485400191792, 0.46703559416064266, -0.143690571156162], [-0.4446956414901223, 0.8807910683082034, 0.16264341495487064], [0.20252163561421582, -0.0780054342690884, 0.9761660408622262]], "fy": 1585.1888631050672, "fx": 1583.7479161450633}, {"id": 36, "img_name": "frame_0037", "width": 1070, "height": 1902, "position": [1.8141019172856874, 2.642860831759648, -0.6442521593770408], "rotation": [[0.8568620251152143, 0.49523294156251896, -0.14328923025401538], [-0.47393623163192833, 0.8660593012393932, 0.1591406141852588], [0.2029086451139547, -0.06845159112883215, 0.9768021608339893]], "fy": 1585.1888631050672, "fx": 1583.7479161450633}, {"id": 37, "img_name": "frame_0038", "width": 1070, "height": 1902, "position": [1.854620266913564, 2.5474084914297257, -0.5971929682735647], "rotation": [[0.8325971359618362, 0.5351766124132669, -0.1427165117076776], [-0.5101240040254788, 0.8413072466192185, 0.17881727350287785], [0.2157672581861325, -0.0760796313861308, 0.9734764403841467]], "fy": 1585.1888631050672, "fx": 1583.7479161450633}, {"id": 38, "img_name": "frame_0039", "width": 1070, "height": 1902, "position": [1.8850355776885195, 2.4734340252702083, -0.5869968912040918], "rotation": [[0.8029654140307275, 0.5797543391877965, -0.13831648514686903], [-0.5532177888947929, 0.8113082636141346, 0.18902110845557485], [0.22180311521892315, -0.07525827253092728, 0.9721828894271085]], "fy": 1585.1888631050672, "fx": 1583.7479161450633}, {"id": 39, "img_name": "frame_0040", "width": 1070, "height": 1902, "position": [1.9149054585868952, 2.3170171814570657, -0.5241883708776055], "rotation": [[0.7817692354151146, 0.607236979549921, -0.14177486810276377], [-0.5774013218302839, 0.7907860084666509, 0.20313838229646075], [0.2354667197442304, -0.07694634156651742, 0.9688316078722973]], "fy": 1585.1888631050672, "fx": 1583.7479161450633}, {"id": 40, "img_name": "frame_0041", "width": 1070, "height": 1902, "position": [1.950684850567719, 2.104899005176056, -0.515200124831989], "rotation": [[0.7602856683798686, 0.6357452680364307, -0.13339286572175987], [-0.6023237103864336, 0.7668399024875021, 0.22172666023570142], [0.2432526471849714, -0.08822991625432654, 0.9659418365073842]], "fy": 1585.1888631050672, "fx": 1583.7479161450633}, {"id": 41, "img_name": "frame_0042", "width": 1070, "height": 1902, "position": [1.9338362377636642, 1.8880766559493514, -0.3989876066221731], "rotation": [[0.7403708206311743, 0.6641336093778544, -0.10381520530570326], [-0.6335713488132994, 0.7410531081742205, 0.22232327100018906], [0.2245849369855826, -0.09882732294295296, 0.9694301245160021]], "fy": 1585.1888631050672, "fx": 1583.7479161450633}, {"id": 42, "img_name": "frame_0043", "width": 1070, "height": 1902, "position": [1.889344530503429, 1.718664862876571, -0.2654993005129286], "rotation": [[0.7127548170495399, 0.6920479285727996, -0.11423762659813129], [-0.6561619205906767, 0.7154207752763327, 0.24005134506968664], [0.24785500749315423, -0.09613937206529002, 0.9640151017486501]], "fy": 1585.1888631050672, "fx": 1583.7479161450633}, {"id": 43, "img_name": "frame_0044", "width": 1070, "height": 1902, "position": [1.8773228348515483, 1.4911865396096564, -0.17177728147513072], "rotation": [[0.706032186403715, 0.6982355365710952, -0.11826109770869231], [-0.6595127047121915, 0.709116815501313, 0.24939192909251584], [0.25799524043129085, -0.09808403255653676, 0.9611545029142029]], "fy": 1585.1888631050672, "fx": 1583.7479161450633}, {"id": 44, "img_name": "frame_0045", "width": 1070, "height": 1902, "position": [1.8536868513320617, 1.3072045725455237, -0.06578274097472496], "rotation": [[0.6828647464456327, 0.7217100250445007, -0.11327125766057233], [-0.6818618347434243, 0.6853050183919807, 0.25577621094835606], [0.26222161692368695, -0.09742520986394079, 0.9600771594517257]], "fy": 1585.1888631050672, "fx": 1583.7479161450633}, {"id": 45, "img_name": "frame_0046", "width": 1070, "height": 1902, "position": [1.816476786245337, 1.3108314190513846, -0.038831661376553354], "rotation": [[0.6439692194240184, 0.75522337373292, -0.12223461130909993], [-0.7067507389656389, 0.6484285099313384, 0.28292023695689833], [0.2929283827251019, -0.09580252228250812, 0.9513226788626274]], "fy": 1585.1888631050672, "fx": 1583.7479161450633}, {"id": 46, "img_name": "frame_0047", "width": 1070, "height": 1902, "position": [1.7900668839157188, 1.2928390883389052, -0.039613165778473715], "rotation": [[0.6179542982294194, 0.7770139869657663, -0.11992393155392227], [-0.7217250085656622, 0.6211292798324292, 0.30546919606687445], [0.3118421031719108, -0.10221390215822783, 0.9446199346271005]], "fy": 1585.1888631050672, "fx": 1583.7479161450633}, {"id": 47, "img_name": "frame_0048", "width": 1070, "height": 1902, "position": [1.7135275877555218, 1.1349652399337369, -0.09474682339790642], "rotation": [[0.6019538069176368, 0.7873108133433514, -0.1333915197079451], [-0.7243074437791079, 0.6086606205216006, 0.32389963864202514], [0.3361998530986275, -0.09835614987834172, 0.9366406603162017]], "fy": 1585.1888631050672, "fx": 1583.7479161450633}, {"id": 48, "img_name": "frame_0049", "width": 1070, "height": 1902, "position": [1.7088736426896625, 0.9557458190945881, -0.14191901858811015], "rotation": [[0.590265429045851, 0.797210505044447, -0.12665754584743527], [-0.7374638101494319, 0.5963869922860516, 0.3169695318983823], [0.3282283534266958, -0.09369080039563518, 0.9399405204203217]], "fy": 1585.1888631050672, "fx": 1583.7479161450633}, {"id": 49, "img_name": "frame_0050", "width": 1070, "height": 1902, "position": [1.7709403316672045, 1.008664514962942, 0.023969452140201755], "rotation": [[0.560257272525288, 0.8166432040830907, -0.13858450781897788], [-0.7417343730875847, 0.56909453727137, 0.35491059075244974], [0.3687030083453249, -0.09604834653854509, 0.9245716882775067]], "fy": 1585.1888631050672, "fx": 1583.7479161450633}, {"id": 50, "img_name": "frame_0051", "width": 1070, "height": 1902, "position": [1.7721946764425103, 1.037003590202134, 0.12548334810862977], "rotation": [[0.524959281570936, 0.8386464828320177, -0.145223378028515], [-0.7565817434294619, 0.5379602054780935, 0.37172958293792396], [0.3898741055799457, -0.0852695382622264, 0.9169118210835675]], "fy": 1585.1888631050672, "fx": 1583.7479161450633}, {"id": 51, "img_name": "frame_0052", "width": 1070, "height": 1902, "position": [1.8514198964290052, 0.9213859258910668, 0.18763093102951792], "rotation": [[0.49669945437235347, 0.8539001864069721, -0.15538379478035877], [-0.7684366143059698, 0.51588705018141, 0.3786366612586551], [0.40347840316451195, -0.06866602587351105, 0.9124089845406794]], "fy": 1585.1888631050672, "fx": 1583.7479161450633}, {"id": 52, "img_name": "frame_0053", "width": 1070, "height": 1902, "position": [1.903333737232886, 0.7218519646663684, 0.2131391087235566], "rotation": [[0.46106516640781303, 0.8726123365109424, -0.16114162247616087], [-0.7772319666460593, 0.48474910089560125, 0.4011592940521326], [0.42816980550808903, -0.05971615652250398, 0.9017231272964807]], "fy": 1585.1888631050672, "fx": 1583.7479161450633}, {"id": 53, "img_name": "frame_0054", "width": 1070, "height": 1902, "position": [1.9476829008597165, 0.342836416331285, 0.1568641147397425], "rotation": [[0.4257472046004402, 0.8955540076878661, -0.12931487574564818], [-0.8151388584825983, 0.44164249467527894, 0.3748340276558176], [0.3927950600078837, -0.05417495926346172, 0.9180289290769682]], "fy": 1585.1888631050672, "fx": 1583.7479161450633}, {"id": 54, "img_name": "frame_0055", "width": 1070, "height": 1902, "position": [1.9356831375768029, 0.11294711422474486, 0.2581232421837491], "rotation": [[0.38183418344123443, 0.9096346785787273, -0.16360748113317114], [-0.8216591394134374, 0.4151491453624124, 0.39054762286208805], [0.42317716735917454, -0.014694850520978922, 0.9059277821073991]], "fy": 1585.1888631050672, "fx": 1583.7479161450633}, {"id": 55, "img_name": "frame_0056", "width": 1070, "height": 1902, "position": [1.871680711801329, -0.03083965380449805, 0.5524293822632014], "rotation": [[0.37496600981418904, 0.9140720038621036, -0.15450845685445086], [-0.8253382120916317, 0.4050594456905351, 0.39337473370599824], [0.4221579409953271, -0.019980420726167774, 0.906302077478691]], "fy": 1585.1888631050672, "fx": 1583.7479161450633}, {"id": 56, "img_name": "frame_0057", "width": 1070, "height": 1902, "position": [1.8467959695044183, -0.15289791178007633, 0.6366997123886818], "rotation": [[0.3444275373482273, 0.9270781040976446, -0.1479724988602686], [-0.8327023298312657, 0.37447004498723874, 0.40789583878833247], [0.43356256919828473, -0.017273514696554967, 0.9009578926232961]], "fy": 1585.1888631050672, "fx": 1583.7479161450633}, {"id": 57, "img_name": "frame_0058", "width": 1070, "height": 1902, "position": [1.6810161294249353, -0.12278562425672036, 0.7084523025139098], "rotation": [[0.30648065371349154, 0.941614421602187, -0.13939831394292218], [-0.8345302545046706, 0.3362413966880435, 0.43646417661664233], [0.457852446991081, -0.017435715759680455, 0.8888572059674302]], "fy": 1585.1888631050672, "fx": 1583.7479161450633}, {"id": 58, "img_name": "frame_0059", "width": 1070, "height": 1902, "position": [1.3429636465981123, -0.016076961330292506, 0.7465352283310053], "rotation": [[0.21145295945663634, 0.9690669386854395, -0.1272670981984776], [-0.8456689604809795, 0.24668252423149678, 0.47327765795333776], [0.4900323001762738, 0.007549873217998329, 0.8716715804695838]], "fy": 1585.1888631050672, "fx": 1583.7479161450633}, {"id": 59, "img_name": "frame_0060", "width": 1070, "height": 1902, "position": [1.1712467831569184, 0.09385672702866027, 0.6545704898763648], "rotation": [[0.12805540812151178, 0.9864514965395086, -0.10254392924886892], [-0.858298581506298, 0.16203341988041495, 0.48689702794957984], [0.4969158454256715, 0.025663511389151898, 0.8674191759167358]], "fy": 1585.1888631050672, "fx": 1583.7479161450633}, {"id": 60, "img_name": "frame_0061", "width": 1070, "height": 1902, "position": [1.1406383901686752, 0.05664504289469729, 0.6489740849348861], "rotation": [[0.08935759782380664, 0.9916654250720405, -0.09281650945735828], [-0.8721115653422549, 0.12291376032878992, 0.4736175937590563], [0.4810786186346681, 0.03862502088706025, 0.8758261645178416]], "fy": 1585.1888631050672, "fx": 1583.7479161450633}, {"id": 61, "img_name": "frame_0062", "width": 1070, "height": 1902, "position": [0.9730048758369034, 0.09825014872815507, 0.6127330431027355], "rotation": [[0.05805220507321879, 0.9921997072022705, -0.11031628399228084], [-0.868422095032369, 0.1046948488707111, 0.48464631792631], [0.49241548142369357, 0.06766631102452383, 0.8677259152558512]], "fy": 1585.1888631050672, "fx": 1583.7479161450633}, {"id": 62, "img_name": "frame_0063", "width": 1070, "height": 1902, "position": [0.7872559865350547, 0.11412137557779928, 0.6536841041509686], "rotation": [[-0.017120620776695943, 0.9909083789674787, -0.1334446283529761], [-0.8647437539378341, 0.05232370702918052, 0.49948019951568323], [0.5019214324669975, 0.12394681994616816, 0.8559860170911143]], "fy": 1585.1888631050672, "fx": 1583.7479161450633}, {"id": 63, "img_name": "frame_0064", "width": 1070, "height": 1902, "position": [0.7485376580969523, 0.06519743231111014, 0.7223327455281306], "rotation": [[-0.0270754180810027, 0.9901197675901704, -0.13758549183298932], [-0.8738004728238369, 0.04340898341572326, 0.4843432603553522], [0.4855302827101291, 0.13333606408620344, 0.8639918046980666]], "fy": 1585.1888631050672, "fx": 1583.7479161450633}, {"id": 64, "img_name": "frame_0065", "width": 1070, "height": 1902, "position": [0.867988411128099, 0.078019377064785, 0.7751001676238551], "rotation": [[-0.03771107423477964, 0.9907544814636494, -0.13032049854015143], [-0.8718013090885779, 0.0311209591667832, 0.48887008844066254], [0.4884059298897801, 0.13204939742472924, 0.8625674491239887]], "fy": 1585.1888631050672, "fx": 1583.7479161450633}, {"id": 65, "img_name": "frame_0066", "width": 1070, "height": 1902, "position": [0.9843014085232628, 0.2775605620714065, 0.6096314809479902], "rotation": [[-0.04309393164726536, 0.9905867269248309, -0.12992632333569193], [-0.85986321089666, 0.029442436083323864, 0.5096747997536911], [0.50870243915443, 0.13368275654634498, 0.8505002933570946]], "fy": 1585.1888631050672, "fx": 1583.7479161450633}, {"id": 66, "img_name": "frame_0067", "width": 1070, "height": 1902, "position": [1.1062880586379353, 0.3056398342826787, 0.5855103678536584], "rotation": [[-0.05108996258055028, 0.9902350565939987, -0.12970870601389142], [-0.8618496757924321, 0.021904204896407826, 0.5066905783062634], [0.5045839395581249, 0.1376762089111126, 0.8523146774753244]], "fy": 1585.1888631050672, "fx": 1583.7479161450633}, {"id": 67, "img_name": "frame_0068", "width": 1070, "height": 1902, "position": [1.2846142732086858, 0.20944929509429416, 0.5126262398977951], "rotation": [[-0.08524599779637497, 0.9834178088666057, -0.16007040033592812], [-0.8496397051722739, 0.012166194384574508, 0.5272232497803641], [0.5204281806882403, 0.18094583973720046, 0.8345136978068891]], "fy": 1585.1888631050672, "fx": 1583.7479161450633}, {"id": 68, "img_name": "frame_0069", "width": 1070, "height": 1902, "position": [1.4862317923917117, 0.3337365312832486, 0.41614123522164503], "rotation": [[-0.16688903291704457, 0.9678460141478307, -0.18820771394969604], [-0.8364372031475845, -0.03790850553773281, 0.5467501718322016], [0.5220353013759318, 0.24867054129118846, 0.815868926979872]], "fy": 1585.1888631050672, "fx": 1583.7479161450633}, {"id": 69, "img_name": "frame_0070", "width": 1070, "height": 1902, "position": [1.6119932195079905, 0.4120045627186381, 0.45317460548217836], "rotation": [[-0.22864076703520883, 0.9513100077231046, -0.20671881592012262], [-0.8243418322245794, -0.07623400722873658, 0.5609357537066714], [0.5178647924836888, 0.29865974845585597, 0.8016348366669895]], "fy": 1585.1888631050672, "fx": 1583.7479161450633}, {"id": 70, "img_name": "frame_0071", "width": 1070, "height": 1902, "position": [1.7677629473024412, 0.21639432802030031, 0.5389974067905042], "rotation": [[-0.2619307838501175, 0.936405559910201, -0.23353135087376423], [-0.8175716116368228, -0.08672239631863783, 0.5692590674045699], [0.5128049573836339, 0.34003507664065385, 0.7882938680065665]], "fy": 1585.1888631050672, "fx": 1583.7479161450633}, {"id": 71, "img_name": "frame_0072", "width": 1070, "height": 1902, "position": [1.9173368894899872, 0.13051392733394887, 0.6003550682122384], "rotation": [[-0.29382156634086093, 0.9224506543403538, -0.25050684114422106], [-0.814687936286115, -0.10459824878435775, 0.5703882649749349], [0.49995245136200095, 0.37167727487472063, 0.7822426412046506]], "fy": 1585.1888631050672, "fx": 1583.7479161450633}, {"id": 72, "img_name": "frame_0073", "width": 1070, "height": 1902, "position": [2.210805588550977, -0.15850182526640644, 0.49709804450864903], "rotation": [[-0.3178764007735651, 0.9067343068287027, -0.2771055586795676], [-0.817274185877167, -0.11388082218062696, 0.5648841150521741], [0.4806427976471271, 0.4060345492188269, 0.7772505682922379]], "fy": 1585.1888631050672, "fx": 1583.7479161450633}, {"id": 73, "img_name": "frame_0074", "width": 1070, "height": 1902, "position": [2.498763573917314, -0.4336151520274107, 0.36046808514938194], "rotation": [[-0.3401506279259256, 0.8911533623149958, -0.3002386303530518], [-0.811700745449075, -0.11703437273850187, 0.5722279750546294], [0.4748046442053982, 0.4383476251017944, 0.76315916387645]], "fy": 1585.1888631050672, "fx": 1583.7479161450633}, {"id": 74, "img_name": "frame_0075", "width": 1070, "height": 1902, "position": [2.855732069634241, -0.8578970714276872, 0.28090146073594047], "rotation": [[-0.3587658478223928, 0.8794555275351859, -0.31280192058887335], [-0.8004733093649162, -0.11750099495470316, 0.5877380344839307], [0.4801349262766238, 0.46124992278857135, 0.7461360206402571]], "fy": 1585.1888631050672, "fx": 1583.7479161450633}, {"id": 75, "img_name": "frame_0076", "width": 1070, "height": 1902, "position": [3.1900200692955747, -1.2575823194872402, 0.18296951561971395], "rotation": [[-0.3698092572251926, 0.8734203105093126, -0.316824990271233], [-0.7987164512424145, -0.12465044921869829, 0.5886546491995964], [0.4746505491256429, 0.4707432704770111, 0.7437120608913999]], "fy": 1585.1888631050672, "fx": 1583.7479161450633}, {"id": 76, "img_name": "frame_0077", "width": 1070, "height": 1902, "position": [3.4745882835814488, -1.5315233798309242, 0.022860350981260897], "rotation": [[-0.3986302025057098, 0.8640158643120207, -0.3075232476861028], [-0.779818305336954, -0.14285292101979286, 0.609488682107809], [0.48267729624632005, 0.4827728546358673, 0.7307208759266961]], "fy": 1585.1888631050672, "fx": 1583.7479161450633}, {"id": 77, "img_name": "frame_0078", "width": 1070, "height": 1902, "position": [3.640032343145318, -1.8802140163449323, -0.11382745840546984], "rotation": [[-0.42068537783233956, 0.8561726516816022, -0.2999870053694923], [-0.7656600655641795, -0.15770927993030798, 0.62361241731072], [0.4866091623452211, 0.4920326955969064, 0.7218831966359407]], "fy": 1585.1888631050672, "fx": 1583.7479161450633}, {"id": 78, "img_name": "frame_0079", "width": 1070, "height": 1902, "position": [3.611927640355286, -1.9831249948335934, -0.09884235260227432], "rotation": [[-0.46808249365772864, 0.8356218306206665, -0.2874629286035477], [-0.7429390624110326, -0.19599047343708084, 0.6400228776112027], [0.47847709315596115, 0.5131509432048964, 0.7125558089110964]], "fy": 1585.1888631050672, "fx": 1583.7479161450633}, {"id": 79, "img_name": "frame_0080", "width": 1070, "height": 1902, "position": [3.3593927818825717, -1.9826867289286132, 0.004793722999025491], "rotation": [[-0.5381656604887376, 0.8046143908942303, -0.2509450215418265], [-0.707735887957515, -0.26972096402654017, 0.652962873723753], [0.4576981917898612, 0.5290049938615898, 0.714609041155925]], "fy": 1585.1888631050672, "fx": 1583.7479161450633}, {"id": 80, "img_name": "frame_0081", "width": 1070, "height": 1902, "position": [3.144950637484256, -2.2605967338559267, 0.13271334576691804], "rotation": [[-0.5745588940614744, 0.7845404385756134, -0.23319171832301344], [-0.6781061420332103, -0.29675470641509316, 0.6723902916887835], [0.45831663442612586, 0.5444565588364935, 0.7025047459969455]], "fy": 1585.1888631050672, "fx": 1583.7479161450633}, {"id": 81, "img_name": "frame_0082", "width": 1070, "height": 1902, "position": [2.8960633025392117, -2.334756384882711, 0.18131749562689917], "rotation": [[-0.6243524211669544, 0.7499576333552405, -0.21851224760907198], [-0.6476044288110078, -0.3405319822942914, 0.6816498168554648], [0.43679807459205905, 0.5670992128428032, 0.6982878524116994]], "fy": 1585.1888631050672, "fx": 1583.7479161450633}, {"id": 82, "img_name": "frame_0083", "width": 1070, "height": 1902, "position": [2.670390602557281, -2.3757077971655507, 0.17691463912325012], "rotation": [[-0.6636236075875553, 0.7218897603141029, -0.19616034616131087], [-0.6068379572435242, -0.36616235387527, 0.7054593002101738], [0.4374373110526637, 0.5871969895683803, 0.6810640897454855]], "fy": 1585.1888631050672, "fx": 1583.7479161450633}, {"id": 83, "img_name": "frame_0084", "width": 1070, "height": 1902, "position": [2.459872391322735, -2.2835626560074127, 0.17054690699367556], "rotation": [[-0.6982122606644876, 0.6960171405860452, -0.167510534200725], [-0.5714443167197737, -0.40091642219978973, 0.7160428864943716], [0.43122039834226045, 0.5956728652716575, 0.6776598008090758]], "fy": 1585.1888631050672, "fx": 1583.7479161450633}, {"id": 84, "img_name": "frame_0085", "width": 1070, "height": 1902, "position": [2.3917019009869596, -2.2467346008088294, 0.21820514309911526], "rotation": [[-0.7279585570180247, 0.6686668934265246, -0.15152862732683545], [-0.5430584258813511, -0.42742300716152953, 0.7227704469804112], [0.4185258478797975, 0.6084358294712063, 0.6742714261127944]], "fy": 1585.1888631050672, "fx": 1583.7479161450633}, {"id": 85, "img_name": "frame_0086", "width": 1070, "height": 1902, "position": [2.320752315028623, -2.2248415492154168, 0.33716975274956534], "rotation": [[-0.7400142433494014, 0.6565710555093393, -0.14592247499054117], [-0.5374216728442117, -0.4467579966746309, 0.7152518702978689], [0.40442164283992277, 0.6077184722177059, 0.68346279586239]], "fy": 1585.1888631050672, "fx": 1583.7479161450633}, {"id": 86, "img_name": "frame_0087", "width": 1070, "height": 1902, "position": [2.1298875983152956, -2.4176926919056916, 0.4025405113923423], "rotation": [[-0.7484997544039786, 0.6401189562423694, -0.173193070058715], [-0.5485373926802557, -0.4509007857807962, 0.7041272684776575], [0.37263232077844555, 0.6220419626049676, 0.6886283106798833]], "fy": 1585.1888631050672, "fx": 1583.7479161450633}, {"id": 87, "img_name": "frame_0088", "width": 1070, "height": 1902, "position": [1.981415969155014, -2.650517935460453, 0.37086262090125066], "rotation": [[-0.7650139903266214, 0.6252555205426147, -0.15430206944666594], [-0.5171068108330011, -0.45356031662702545, 0.7258674709417106], [0.3838673479141755, 0.6350894214299087, 0.6703038758601665]], "fy": 1585.1888631050672, "fx": 1583.7479161450633}, {"id": 88, "img_name": "frame_0089", "width": 1070, "height": 1902, "position": [1.950732713952302, -2.707740604122501, 0.30346268994277203], "rotation": [[-0.7917112670756166, 0.5970967622428801, -0.12910742079598153], [-0.4729026612413474, -0.46524245563589234, 0.7482730320309129], [0.38672515120738205, 0.6534714331881338, 0.6507063419321143]], "fy": 1585.1888631050672, "fx": 1583.7479161450633}, {"id": 89, "img_name": "frame_0090", "width": 1070, "height": 1902, "position": [1.825069849847162, -2.710376514851596, 0.3327463557855745], "rotation": [[-0.8173311435855577, 0.5660687981837081, -0.1074053883563389], [-0.4386733290978412, -0.4905216948015606, 0.7529635962430198], [0.3735445248739981, 0.6625364764689233, 0.6492379419633472]], "fy": 1585.1888631050672, "fx": 1583.7479161450633}, {"id": 90, "img_name": "frame_0091", "width": 1070, "height": 1902, "position": [1.6087198478321099, -2.84681256410822, 0.4114439646556643], "rotation": [[-0.8434870446272024, 0.5325763156845889, -0.06994335935524232], [-0.3938133199744228, -0.5245885203880953, 0.7547966304162673], [0.36529532512309854, 0.6642058056422404, 0.652219267727006]], "fy": 1585.1888631050672, "fx": 1583.7479161450633}, {"id": 91, "img_name": "frame_0092", "width": 1070, "height": 1902, "position": [1.389826552286353, -3.1215344612917457, 0.5186524456098873], "rotation": [[-0.8762307344455456, 0.4787300026221972, -0.055111565051000753], [-0.3465667439484397, -0.5465690202902337, 0.7623344397624644], [0.3348300942298889, 0.6870807016998257, 0.6448324723132969]], "fy": 1585.1888631050672, "fx": 1583.7479161450633}, {"id": 92, "img_name": "frame_0093", "width": 1070, "height": 1902, "position": [1.136619996316929, -3.351384007775894, 0.47953848648819825], "rotation": [[-0.8962950015235399, 0.44044490521889634, -0.05160964745698657], [-0.3178827742379628, -0.5569763083911936, 0.7672860833702732], [0.309201895347835, 0.7041204991744203, 0.6392249295480202]], "fy": 1585.1888631050672, "fx": 1583.7479161450633}, {"id": 93, "img_name": "frame_0094", "width": 1070, "height": 1902, "position": [0.8732906949288939, -3.4762687874103033, 0.3753496124747904], "rotation": [[-0.8968474496557992, 0.4403323904755723, -0.04209558105022585], [-0.3120959834129011, -0.5624654677935529, 0.7656557285603717], [0.3134657065508477, 0.69981424923893, 0.6418716907441318]], "fy": 1585.1888631050672, "fx": 1583.7479161450633}, {"id": 94, "img_name": "frame_0095", "width": 1070, "height": 1902, "position": [0.760366741468131, -3.4407620848220364, 0.27643565170957896], "rotation": [[-0.9034174538913091, 0.4273633395029738, -0.03460462474019834], [-0.29624293382966826, -0.5638124883000774, 0.7709446168129497], [0.309962946431561, 0.7067361983694773, 0.6359614121577851]], "fy": 1585.1888631050672, "fx": 1583.7479161450633}, {"id": 95, "img_name": "frame_0096", "width": 1070, "height": 1902, "position": [0.7157196818334565, -3.3161973350678755, 0.374036207995369], "rotation": [[-0.9200618016014136, 0.39172238771673357, -0.006312859531329522], [-0.2559351907356191, -0.5887742862404343, 0.7667085613224814], [0.29662005895940935, 0.7070349431418282, 0.6419642745506547]], "fy": 1585.1888631050672, "fx": 1583.7479161450633}, {"id": 96, "img_name": "frame_0097", "width": 1070, "height": 1902, "position": [0.6534729008637812, -3.152730403764669, 0.43890026834247675], "rotation": [[-0.9391888008673981, 0.3432051257433408, 0.011603361097388219], [-0.21377707157302622, -0.6107815802571686, 0.7623944024507374], [0.26874478598648177, 0.7135517520699207, 0.6470086066838883]], "fy": 1585.1888631050672, "fx": 1583.7479161450633}, {"id": 97, "img_name": "frame_0098", "width": 1070, "height": 1902, "position": [0.5130630025994014, -3.0511704582254615, 0.507349019652241], "rotation": [[-0.9574289558942866, 0.28516101118687603, 0.04486638066586642], [-0.1488957871593424, -0.6209954693676947, 0.7695418582448884], [0.24730515356816937, 0.7301012427901181, 0.6370183170796185]], "fy": 1585.1888631050672, "fx": 1583.7479161450633}, {"id": 98, "img_name": "frame_0099", "width": 1070, "height": 1902, "position": [0.24013365920395083, -3.158568026575395, 0.5127804482782258], "rotation": [[-0.9658723626382193, 0.24401354635771755, 0.08687904399562481], [-0.08996003596431071, -0.6305619074047767, 0.7709078238410539], [0.24289456770575088, 0.7367829192672558, 0.6309937867008334]], "fy": 1585.1888631050672, "fx": 1583.7479161450633}, {"id": 99, "img_name": "frame_0100", "width": 1070, "height": 1902, "position": [0.06718682071811065, -3.322784210269732, 0.5140487527587673], "rotation": [[-0.9746128933848734, 0.1